%YAML:1.0

#--------------------------------------------------------------------------------------------
# Camera Parameters. Adjust them!
#--------------------------------------------------------------------------------------------
Camera.type: "PinHole"

# Camera calibration and distortion parameters (OpenCV) 
Camera.fx: 757.216400
Camera.fy: 757.216400
Camera.cx: 651.079758
Camera.cy: 521.801926

Camera.k1: -0.026589
Camera.k2: 0.029483
Camera.p1: 0.000212
Camera.p2: -0.002121

Camera.bFishEye: 0

Camera.width: 1224
Camera.height: 1024

# Camera frames per second 
Camera.fps: 10.0

# stereo baseline times fx
Camera.bf: 148.391086

# Color order of the images (0: BGR, 1: RGB. It is ignored if images are grayscale)
Camera.RGB: 1

# Close/Far threshold. Baseline times.
ThDepth: 40.0

#--------------------------------------------------------------------------------------------
# Stereo Rectification. Only if you need to pre-undistort/pre-rectify the images.
# This will be the case for bag files and raw camera images from live and recorded 
# camera stream almost always
#--------------------------------------------------------------------------------------------
LEFT.height: 1024
LEFT.width: 1224
LEFT.P:  !!opencv-matrix
   rows: 3
   cols: 4
   dt: d
   data: [771.9639227128613, 0.0, 581.486457824707, 0.0, 0.0, 771.9639227128613, 521.8288040161133, 0.0, 0.0, 0.0, 1.0, 0.0]
LEFT.D: !!opencv-matrix
   rows: 1
   cols: 5
   dt: d
   data: [-0.019285233997575087, 0.035947833861205765, 6.0127458205990066e-05, -0.0016491603249031042, 0.0]
LEFT.K: !!opencv-matrix
   rows: 3
   cols: 3
   dt: d
   data: [725.2136520469213, 0.0, 627.0286674430602, 0.0, 723.066054945989, 527.8653973966301, 0.0, 0.0, 1.0]
distortion_model: plumb_bob
LEFT.R:  !!opencv-matrix
   rows: 3
   cols: 3
   dt: d
   data: [0.9994868987428702, 0.0038457517344127746, 0.031798575989446666, -0.003781914231311271, 0.9999907113236656, -0.002067460068860445, -0.03180623156091205, 0.0019461397654301148, 0.9994921591357818]


RIGHT.height: 1024
RIGHT.width: 1224
RIGHT.P:  !!opencv-matrix
   rows: 3
   cols: 4
   dt: d
   data: [771.9639227128613, 0.0, 581.486457824707, -149.3059336269256, 0.0, 771.9639227128613, 521.8288040161133, 0.0, 0.0, 0.0, 1.0, 0.0]
RIGHT.D: !!opencv-matrix
   rows: 1
   cols: 5
   dt: d
   data: [-0.018630199468445137, 0.032744437507029975, 0.0003360207125447308, -0.0003434467055730752, 0.0]
RIGHT.K: !!opencv-matrix
   rows: 3
   cols: 3
   dt: d
   data: [723.623661418451, 0.0, 602.1376364338142, 0.0, 721.0871230256739, 516.7757339645234, 0.0, 0.0, 1.0]
distortion_model: plumb_bob
RIGHT.R:  !!opencv-matrix
   rows: 3
   cols: 3
   dt: d
   data: [0.9998062083342057, 0.0013938674550279888, 0.019636774426991042, -0.0014332786901081718, 0.999996986666049, 0.0019930807856929555, -0.019633937164389555, -0.002020839513576112, 0.999805193384734]

#--------------------------------------------------------------------------------------------
# ORB Parameters
#--------------------------------------------------------------------------------------------

# ORB Extractor: Number of features per image
ORBextractor.nFeatures: 2000

# ORB Extractor: Scale factor between levels in the scale pyramid 	
ORBextractor.scaleFactor: 1.2

# ORB Extractor: Number of levels in the scale pyramid	
ORBextractor.nLevels: 8

# ORB Extractor: Fast threshold
# Image is divided in a grid. At each cell FAST are extracted imposing a minimum response.
# Firstly we impose iniThFAST. If no corners are detected we impose a lower value minThFAST
# You can lower these values if your images have low contrast			
ORBextractor.iniThFAST: 12
ORBextractor.minThFAST: 7

#--------------------------------------------------------------------------------------------
# Viewer Parameters
#--------------------------------------------------------------------------------------------
Viewer.KeyFrameSize: 0.1
Viewer.KeyFrameLineWidth: 2
Viewer.GraphLineWidth: 1
Viewer.PointSize: 2
Viewer.CameraSize: 0.2
Viewer.CameraLineWidth: 3
Viewer.ViewpointX: 0
Viewer.ViewpointY: -100
Viewer.ViewpointZ: -0.1
Viewer.ViewpointF: 2000

